787
550
121
508
725
973
652
954
710
781
329
123
979
873
290
239
633
111
537
639
571
773
829
185
556
581
744
915
825
434
706
131
479
812
713
531
179
335
344
315
402
142
921
146
671
896
883
261
325
373
229
662
925
796
521
207
248
604
198
277
517
696
159
392
171
835
406
793
771
358
937
338
994
165
613
169
364
258
575
523
917
396
821
684
617
819
213
469
841
627
790
300
210
719
752
415
764
857
998
815
463
619
629
600
687
188
306
431
956
281
267
546
610
658
514
946
310
181
806
492
533
889
483
562
802
742
444
677
217
219
690
838
156
642
982
623
140
450
898
454
648
543
860
569
963
681
867
969
902
204
498
754
886
912
175
585
494
104
136
700
809
242
383
200
748
665
675
646
732
473
591
716
102
565
552
831
656
704
559
992
594
227
191
777
579
934
767
608
848
127
729
723
502
504
975
223
440
927
367
908
425
735
944
738
694
588
906
854
348
966
252
354
287
489
783
800
271
296
460
869
540
150
421
985
194
527
668
485
133
950
960
931
117
758
636
761
386
850
598
877
940
988
844
377
879
511
236
162
863
319
152
892
233
412
114
108
787
789
360
747
964
312
891
293
949
120
568
362
318
212
529
478
872
350
776
878
810
112
168
424
795
820
983
254
164
674
945
370
718
151
952
770
418
574
583
555
641
381
260
385
910
235
222
500
564
612
468
901
264
135
760
446
487
843
437
516
756
935
398
631
410
174
645
132
110
597
276
577
333
404
853
408
603
497
814
762
256
635
160
923
856
158
452
708
180
866
129
539
449
958
991
654
103
196
337
154
702
858
868
839
926
427
545
670
295
520
506
785
849
897
753
285
549
420
145
731
772
228
722
801
141
981
683
916
456
458
929
177
395
881
321
862
379
689
237
693
887
782
199
808
302
920
206
308
241
443
737
993
225
251
414
824
734
343
375
939
148
481
622
439
987
904
914
885
972
712
830
955
341
804
791
170
895
943
798
331
833
466
430
116
818
273
106
847
187
366
968
962
741
743
314
462
679
266
606
247
664
974
283
977
933
827
245
193
587
305
491
593
526
728
122
139
510
535
699
208
779
389
660
324
433
766
907
724
372
289
299
270
356
997
875
100
625
189
837
216
279
327
183
616
218
750
475
401
441
797
630
470
711
890
592
586
365
128
599
986
303
551
230
532
288
359
807
601
557
451
768
717
211
589
115
217
149
351
407
663
134
159
322
493
403
913
284
609
957
390
291
109
657
813
822
794
880
620
499
624
249
474
461
739
803
851
707
240
503
374
999
685
726
182
676
755
995
274
637
870
649
413
884
371
349
836
515
816
572
643
192
647
842
736
153
101
496
874
399
262
195
397
691
947
419
205
368
778
688
297
330
893
342
436
576
393
941
198
207
178
265
666
784
909
534
759
745
124
188
236
992
524
788
659
384
970
111
467
961
140
380
320
922
255
695
697
268
416
634
220
560
201
618
928
476
932
226
121
438
147
541
259
445
547
480
682
976
332
464
490
653
163
973
582
615
278
387
720
861
678
326
243
253
224
311
951
169
294
580
143
130
409
234
282
137
570
172
705
669
355
396
751
584
425
665
844
546
540
319
321
792
940
258
744
184
725
242
552
761
556
511
405
723
671
165
783
969
171
104
306
600
617
988
113
277
686
357
867
238
802
911
344
485
302
850
767
777
748
834
575
453
578
203
667
415
694
757
805
661
194
696
328
953
879
681
136
869
709
950
229
831
825
604
367
838
325
542
790
469
771
527
598
146
840
796
690
107
956
450
828
354
456
388
590
646
902
373
398
562
732
642
252
523
848
296
629
530
348
896
152
161
133
219
860
738
863
488
713
700
979
142
190
946
479
742
613
338
924
965
421
915
994
334
513
876
209
888
652
223
610
588
175
754
155
811
882
431
886
181
975
392
340
735
213
638
501
434
636
930
286
658
444
607
117
927
536
569
232
581
675
815
632
280
437
685
656
743
244
362
487
112
337
324
602
666
714
570
102
366
237
862
548
589
945
539
618
858
798
500
733
273
275
746
894
212
698
139
679
196
506
954
510
704
599
916
625
119
737
923
125
958
260
554
810
942
968
231
641
551
160
193
756
865
298
439
256
804
721
731
702
789
529
647
772
158
622
608
887
712
760
616
148
650
283
247
833
635
990
823
664
904
183
785
779
558
560
131
279
497
983
423
964
481
791
100
795
750
644
962
910
404
122
308
410
343
545
839
856
327
352
516
925
596
206
477
141
250
583
724
541
189
106
116
987
592
594
165
313
531
117
457
998
515
825
373
829
123
918
335
944
438
156
342
444
377
579
873
229
361
387
550
960
870
479
511
175
284
617
758
575
223
140
150
121
207
848
966
191
477
940
927
306
131
179
934
467
969
602
566
252
954
409
481
322
562
741
443
437
216
218
689
837
154
641
981
622
139
449
658
452
408
302
620
568
962
680
866
968
901
203
497
514
885
910
174
583
254
764
135
699
808
241
382
199
747
664
674
645
731
472
350
475
100
564
312
591
654
702
558
991
593
225
850
776
577
933
766
606
847
126
728
722
501
264
735
222
439
687
366
668
424
495
943
737
693
587
904
853
347
725
251
353
285
487
543
799
270
295
458
629
539
149
420
745
193
526
427
245
793
949
958
930
116
756
635
760
385
610
597
875
939
987
843
376
639
510
235
821
862
318
812
891
231
410
773
106
785
549
120
507
485
972
651
952
708
779
328
783
978
872
289
237
632
110
535
398
331
533
827
183
555
341
504
914
824
433
466
129
478
571
712
529
177
333
343
314
401
802
920
145
670
895
881
260
324
372
228
660
924
795
520
206
247
603
197
276
516
456
158
391
831
833
404
552
770
356
696
337
754
164
612
168
362
257
574
283
677
395
581
683
616
818
212
468
600
626
789
299
209
718
751
414
523
856
997
814
462
379
389
360
447
187
305
430
716
279
266
545
370
418
273
706
308
841
805
491
293
648
481
322
562
741
443
437
216
218
689
837
154
641
981
622
139
449
658
452
647
541
859
807
301
919
205
307
240
442
736
753
224
249
413
822
493
103
374
938
147
480
621
438
986
903
913
884
970
711
589
714
339
803
551
830
893
941
797
330
832
464
189
115
816
272
105
845
186
365
967
961
740
503
974
461
678
926
605
907
663
734
282
976
932
826
243
192
586
964
490
592
524
726
782
138
509
534
697
868
778
388
659
984
432
765
666
484
132
288
297
269
355
995
874
999
624
849
836
214
278
326
182
615
878
749
474
160
201
557
151
230
470
649
112
345
124
788
359
746
724
311
890
291
947
118
567
122
317
211
528
476
871
349
774
637
570
772
166
422
794
580
743
253
163
672
705
368
717
811
951
768
416
573
582
553
640
141
259
384
909
234
220
499
563
611
467
899
263
134
759
445
486
842
436
515
755
695
397
630
170
172
643
791
109
595
935
576
993
403
851
407
601
496
813
522
916
634
820
922
855
157
451
707
839
865
128
538
448
957
990
892
101
434
575
392
940
857
867
838
925
665
783
908
294
757
744
123
848
896
752
284
786
419
383
969
771
226
959
800
140
319
921
915
694
696
267
415
633
219
559
200
617
927
236
931
886
780
198
146
540
258
444
546
479
681
975
992
463
488
652
161
732
342
613
277
386
719
860
677
325
242
252
223
309
950
828
953
578
142
790
169
232
280
136
569
171
703
428
354
156
511
344
184
425
604
306
300
979
742
313
700
917
265
844
246
902
973
521
315
271
165
482
431
825
303
729
831
763
965
121
377
748
773
937
207
117
627
898
323
671
104
905
723
371
527
536
508
594
335
213
338
863
188
175
454
517
565
421
854
217
988
713
399
440
796
390
469
709
888
351
584
363
127
598
985
963
550
229
530
286
596
145
600
795
689
106
954
449
827
352
216
148
350
644
900
372
158
321
731
641
250
283
846
295
389
529
346
894
151
160
131
218
619
737
862
487
712
699
977
141
189
945
477
741
612
337
923
964
420
914
993
333
273
875
208
648
650
221
369
587
173
514
154
571
881
429
885
179
974
391
100
494
212
398
500
433
635
929
285
417
443
606
116
926
535
568
231
340
673
814
631
279
196
206
177
264
904
122
247
533
997
983
362
187
235
991
523
125
658
622
308
110
465
298
139
379
558
260
254
933
935
506
654
872
458
798
439
856
266
475
270
225
119
437
385
779
497
683
785
718
920
314
331
702
727
891
401
971
581
852
516
625
958
199
916
564
720
730
701
787
528
406
531
157
620
368
647
710
759
614
147
649
282
906
832
634
989
822
662
903
182
784
778
557
320
791
278
495
743
422
724
480
551
999
793
749
643
960
909
403
781
307
409
342
543
599
855
326
351
515
685
595
205
476
801
249
582
483
301
849
105
114
986
172
813
691
816
441
666
653
932
995
143
899
432
695
566
291
878
918
374
868
947
287
466
829
163
841
605
176
563
541
128
707
108
764
835
384
839
134
928
345
293
688
166
591
455
387
589
883
239
611
397
560
970
880
489
522
185
534
628
768
585
233
390
399
370
691
601
211
243
807
255
349
489
307
855
111
120
992
178
580
697
822
447
672
659
938
101
149
905
438
701
572
297
884
924
380
874
953
293
233
835
169
608
611
182
330
547
134
474
114
531
841
390
845
140
934
351
960
455
172
358
461
393
595
890
245
378
403
566
976
886
495
528
191
301
634
774
592
239
157
166
137
224
864
982
207
493
957
944
322
147
195
951
483
986
618
582
268
970
426
259
999
339
518
220
214
893
895
467
614
832
418
759
399
816
226
435
230
185
980
397
345
739
457
643
745
678
880
274
291
662
688
851
361
932
541
813
476
586
918
159
876
524
441
451
422
509
249
128
253
778
342
989
368
432
480
336
768
370
903
628
553
355
711
543
384
624
803
505
499
278
941
512
899
217
464
143
445
201
272
720
515
470
364
682
630
124
503
928
130
963
265
320
576
947
972
236
407
316
826
914
339
687
120
922
739
387
543
553
524
610
351
230
355
880
204
191
470
534
582
437
870
233
105
729
416
457
812
406
485
726
905
368
601
380
143
614
101
979
566
245
547
303
374
822
377
572
466
783
732
226
604
130
893
826
127
422
678
149
835
999
508
418
928
960
624
972
166
306
124
672
828
838
809
895
397
514
639
264
489
476
755
818
866
722
255
518
389
114
701
741
197
691
770
111
951
653
886
425
428
899
147
364
851
291
832
349
659
207
662
857
751
168
778
272
889
176
278
210
412
707
962
195
220
383
793
703
312
345
908
118
451
591
409
957
874
883
854
941
681
799
924
310
774
761
139
864
912
768
300
803
435
399
985
787
243
976
816
156
335
937
931
710
713
284
431
649
236
576
216
633
943
252
947
902
797
214
162
556
274
460
562
495
697
991
108
479
505
668
178
749
358
630
293
403
735
876
693
341
258
268
239
326
966
845
970
595
159
806
185
249
297
153
585
187
720
445
370
172
528
361
201
441
620
322
316
995
758
329
716
934
281
860
262
918
989
537
993
948
842
260
208
602
981
506
608
541
743
798
154
525
550
714
885
794
404
675
100
448
781
683
500
148
304
314
285
371
112
891
116
641
865
852
231
295
343
198
631
894
766
490
177
218
573
167
246
487
666
129
362
141
804
375
762
740
327
906
308
964
135
583
138
333
227
544
493
887
365
791
654
587
788
183
439
810
596
760
269
179
689
721
385
733
827
967
785
433
589
598
570
656
158
275
400
925
250
237
516
579
627
483
916
279
150
775
462
502
858
452
531
772
712
414
647
186
189
660
808
125
612
952
593
110
419
868
423
618
512
829
538
933
650
836
939
871
173
468
723
856
881
144
554
464
973
106
669
779
212
352
170
717
635
644
615
702
442
560
685
971
535
522
800
625
673
529
961
564
196
160
746
548
904
737
577
817
813
515
509
288
291
762
909
227
714
154
694
211
521
730
525
481
375
692
640
134
752
938
140
973
275
569
586
958
983
246
656
327
836
208
771
881
313
454
271
819
736
746
717
804
544
423
548
173
637
384
663
727
775
631
163
666
298
923
848
650
106
839
679
919
198
800
794
573
336
807
294
512
759
438
740
496
567
115
810
765
660
977
925
419
798
323
425
358
560
615
871
342
367
531
702
611
221
492
817
265
598
500
317
865
121
131
102
188
829
708
833
458
682
669
948
112
160
915
448
711
583
307
894
935
390
884
964
304
483
846
179
858
621
192
579
557
144
723
125
781
852
400
855
150
944
362
310
704
183
608
471
404
605
900
256
627
413
577
986
896
506
538
202
550
644
785
602
250
406
416
148
234
636
753
878
503
728
715
994
157
205
961
494
757
628
353
940
980
436
930
109
350
290
892
225
664
667
238
386
603
190
530
171
588
898
446
901
196
990
407
117
511
228
415
517
449
651
946
302
434
459
622
132
942
551
584
247
357
690
830
648
296
213
222
193
280
920
138
263
549
113
100
378
203
251
107
540
142
674
638
324
126
482
315
155
395
574
276
270
949
952
523
670
888
475
815
455
872
282
491
286
242
136
453
401
795
513
699
801
734
936
330
347
719
744
907
417
988
597
869
532
642
974
215
932
580
497
507
478
565
305
184
309
834
398
145
424
488
536
392
824
426
959
684
609
411
767
600
440
497
676
378
372
151
814
385
772
990
337
916
318
974
145
593
388
343
238
555
503
897
376
801
903
836
138
193
449
820
846
109
280
190
699
971
395
743
176
978
795
443
599
609
580
667
407
286
411
936
260
247
526
590
638
493
926
289
161
786
472
513
868
462
542
782
961
424
657
436
199
670
451
768
716
210
589
114
216
149
351
406
662
133
159
322
493
402
912
283
608
956
389
291
108
656
812
822
793
880
620
499
624
249
473
460
739
803
851
706
239
502
374
999
685
726
181
675
755
995
274
637
870
649
412
883
370
348
835
514
816
572
643
191
646
841
735
153
101
495
874
399
262
195
397
691
947
418
204
368
777
687
297
329
893
341
435
576
393
941
197
207
178
264
666
783
908
533
758
745
124
187
235
991
524
787
658
383
970
110
466
960
139
380
320
922
255
695
697
268
416
633
220
560
201
618
928
476
931
226
120
437
147
541
258
445
547
479
681
976
332
464
489
652
162
972
582
614
278
387
720
860
678
326
243
252
223
310
950
168
293
579
143
130
408
233
281
137
570
172
704
668
354
156
512
345
185
425
604
306
300
979
982
553
701
918
505
845
485
902
312
521
316
272
166
483
431
825
543
729
831
764
966
360
377
749
774
937
447
118
627
899
562
672
104
245
962
610
527
537
508
595
335
214
339
864
428
175
454
518
566
422
854
457
989
714
639
441
797
630
470
710
889
591
585
364
127
598
985
303
550
229
531
287
358
806
601
556
451
768
716
210
589
114
216
149
351
406
662
133
159
322
493
402
912
283
608
956
389
291
108
656
812
822
793
880
620
499
624
249
473
460
739
803
851
706
239
502
374
999
685
726
181
675
755
995
991
454
687
466
229
700
187
166
652
331
633
389
460
908
464
658
552
870
818
312
691
216
979
912
214
508
764
235
921
185
594
504
114
146
710
158
252
393
210
758
914
924
895
981
483
600
725
351
575
562
841
904
952
808
341
604
475
200
787
828
283
777
856
197
137
739
972
512
514
985
233
450
937
377
918
435
745
293
748
943
837
254
864
358
975
262
364
296
498
793
149
281
306
470
879
789
399
431
995
204
537
677
495
143
960
969
941
127
768
885
110
396
860
847
226
950
998
854
387
889
521
485
171
873
329
162
902
242
421
123
117
796
799
370
518
735
322
662
302
719
129
339
133
989
883
300
248
643
360
546
649
581
783
177
194
566
591
754
264
835
444
716
379
489
822
962
779
427
345
354
325
412
152
931
156
681
245
892
271
335
383
239
671
274
806
531
456
258
614
447
287
527
706
408
402
181
844
415
802
120
367
947
348
104
175
623
418
373
268
585
533
927
406
831
933
866
168
223
479
850
876
139
310
220
729
101
425
773
206
108
825
473
629
639
610
697
437
316
441
727
951
938
317
381
429
285
717
980
852
577
263
304
659
253
333
573
752
215
448
227
890
461
848
826
413
992
394
150
221
669
225
419
313
631
579
973
452
877
740
673
875
269
525
896
682
846
355
265
775
807
471
819
913
154
871
519
675
685
656
742
244
361
486
111
336
323
602
665
713
569
102
365
236
861
548
588
944
538
617
858
798
500
733
273
275
746
894
211
698
138
679
196
506
954
509
704
598
915
625
119
736
923
125
957
259
554
810
942
967
230
640
550
160
192
756
865
298
438
256
804
721
730
702
788
528
646
771
157
621
608
887
711
759
615
148
650
282
246
832
634
990
823
663
903
182
784
778
557
560
131
279
496
983
423
963
480
790
100
794
750
644
961
909
404
121
307
409
342
544
838
855
327
352
515
925
596
205
477
140
250
583
723
540
905
823
832
803
890
630
509
634
259
723
471
749
813
861
717
249
752
384
109
934
736
192
925
765
105
284
886
880
659
422
894
380
598
845
525
826
582
653
201
896
851
746
163
111
505
884
409
511
444
646
701
957
428
454
617
788
698
307
579
903
352
684
586
403
951
207
217
188
275
915
794
919
544
769
755
134
198
246
102
534
797
669
394
980
121
476
970
150
390
569
932
265
944
707
278
665
644
230
809
211
867
938
486
942
236
130
448
396
790
269
694
557
490
692
986
342
713
499
663
173
982
592
624
288
636
730
871
688
336
253
263
234
320
722
839
964
590
814
801
180
243
292
147
580
843
714
439
126
167
522
116
195
436
376
978
311
751
753
324
472
689
276
616
257
674
984
532
987
282
176
493
203
597
314
501
603
535
737
132
388
520
545
709
218
128
638
670
334
443
776
916
734
382
299
308
280
366
107
224
349
635
199
186
465
289
337
193
626
228
760
724
411
212
568
401
241
481
660
362
356
135
138
609
757
974
561
901
541
958
368
578
372
328
222
539
487
882
599
785
888
820
122
416
433
805
830
993
503
174
500
772
435
545
878
118
836
483
401
410
381
468
208
987
212
737
301
949
327
391
439
295
727
330
159
330
240
749
121
445
794
226
128
845
493
649
659
630
717
457
336
461
986
311
297
576
640
688
544
976
339
211
836
522
563
918
512
592
832
111
474
707
486
249
720
207
186
672
351
653
409
480
928
484
678
572
890
838
332
711
236
999
932
234
528
784
255
941
205
615
524
134
166
730
178
272
413
230
778
934
944
915
101
503
620
745
371
595
582
861
924
973
828
361
624
496
220
807
848
303
797
876
217
157
759
992
532
534
105
253
470
957
397
938
455
765
313
768
963
857
274
884
378
995
282
384
316
518
813
169
301
326
490
899
626
236
268
832
941
374
514
332
880
797
806
778
864
605
722
847
233
697
684
963
787
835
691
224
726
358
322
909
710
166
899
739
980
259
861
855
633
636
207
355
572
159
499
140
557
866
176
870
826
720
137
985
480
197
384
486
418
620
915
931
403
428
591
101
672
281
553
216
326
659
799
617
265
182
191
162
249
889
768
893
518
982
730
108
172
220
976
508
111
643
368
293
995
451
284
124
364
543
245
239
918
682
253
639
857
204
784
185
841
912
460
255
210
105
422
370
764
243
668
770
703
905
960
316
687
713
876
147
957
566
838
262
611
943
845
662
310
466
476
447
534
274
153
278
803
128
114
393
457
505
361
793
156
928
653
339
380
736
329
409
649
828
291
524
303
966
537
924
903
489
168
470
226
297
745
301
495
389
707
655
149
528
953
816
749
951
345
601
972
758
922
432
341
851
883
547
895
989
230
947
595
751
761
732
818
320
438
563
188
412
399
678
742
790
645
178
441
313
937
624
665
120
614
693
934
874
576
809
349
351
822
970
287
774
214
755
272
582
130
585
780
674
991
701
195
812
999
201
134
335
630
886
118
143
968
477
387
897
929
593
702
135
275
993
641
558
567
539
625
366
483
608
894
458
445
724
548
596
452
885
487
119
983
670
471
827
660
500
741
920
622
616
394
397
868
116
333
820
260
801
318
627
837
631
587
481
798
746
241
858
144
247
179
381
676
692
164
189
352
762
433
942
314
877
987
420
560
378
925
843
852
823
910
650
529
654
279
743
491
769
833
881
737
269
772
404
129
954
756
212
945
785
125
304
906
900
679
442
914
400
618
865
545
846
602
673
221
916
871
766
183
131
525
904
429
531
464
666
721
977
448
474
637
808
718
327
599
923
372
704
606
423
971
227
237
208
295
935
814
939
564
789
775
154
218
266
122
554
817
689
414
100
141
497
990
170
410
589
952
285
964
727
298
685
664
250
829
231
887
958
506
962
256
150
468
416
810
289
714
577
510
712
106
362
733
519
683
193
102
612
644
308
656
750
891
525
173
329
339
310
396
798
916
141
666
890
877
256
320
368
223
656
919
791
515
202
243
598
192
272
512
452
154
387
827
829
400
548
765
352
692
333
750
160
608
163
358
252
570
279
673
391
577
679
612
813
208
464
596
621
785
294
204
714
746
410
519
852
992
810
458
375
385
356
442
183
300
425
711
275
262
541
365
413
269
702
304
836
800
487
288
644
477
317
558
737
439
433
211
214
685
833
150
637
977
618
135
445
654
448
404
298
615
564
958
675
862
964
896
198
493
510
881
906
169
579
250
759
131
694
804
237
377
195
743
660
669
640
727
467
346
471
996
560
308
586
650
698
554
987
589
221
846
771
573
929
762
602
842
121
723
717
496
260
731
217
435
683
362
663
419
490
938
733
689
583
661
609
103
482
907
109
942
244
299
555
927
952
215
386
296
805
177
501
850
282
184
901
549
705
715
686
773
513
392
517
142
367
353
632
696
744
600
132
395
267
892
578
619
975
568
648
888
167
530
763
542
305
776
263
242
728
407
709
465
536
984
540
734
628
946
894
388
767
292
155
988
290
584
840
311
997
261
671
580
190
222
786
234
328
469
286
834
990
100
971
157
559
677
802
427
651
638
917
981
129
884
417
680
552
276
863
904
359
853
932
273
213
815
148
588
590
161
309
526
113
453
994
511
821
369
824
119
913
330
940
434
151
338
440
373
574
869
225
357
382
546
955
865
292
324
888
997
430
571
388
936
853
863
834
920
661
778
903
289
753
740
119
843
891
747
280
782
414
378
965
766
222
955
795
136
315
917
911
690
692
263
411
628
215
555
196
613
923
232
926
882
776
193
142
536
253
440
542
474
676
971
988
459
484
647
157
728
337
609
273
382
715
855
673
321
238
247
218
305
945
824
949
574
138
786
164
228
276
132
565
167
699
424
349
151
507
340
180
420
599
301
295
974
738